        s (m)         x (m)         y (m)         z (m)         T (N)       S_n (N)       S_b (N)       u (m/s)       v (m/s)       w (m/s)     phi (rad)   theta (rad)   kappa_2 (-)   kappa_3 (-) 
 0.000000E+00  8.538700E+02  0.000000E+00 -3.200000E+02  7.369829E+05  1.158491E+02  1.650749E-03  0.000000E+00  0.000000E+00  0.000000E+00  1.575154E+00  6.918183E-09  0.000000E+00  0.000000E+00
 1.846298E+01  8.353717E+02  7.942848E-10 -3.200371E+02  7.369494E+05 -1.158283E+02 -1.650811E-03  9.055496E-04 -4.602998E-01  1.642923E-08  1.570453E+00 -6.832308E-09 -1.489520E-09 -5.092357E-04
 3.692597E+01  8.168733E+02 -1.561350E-09 -3.200413E+02  7.369397E+05  1.157816E+02  1.650992E-03  1.911380E-04 -4.804004E-01 -2.999390E-08  1.571588E+00  6.577622E-09  2.942149E-09  6.321991E-04
 5.538895E+01  7.983749E+02  2.315972E-09 -3.200399E+02  7.369355E+05 -1.157222E+02 -1.651289E-03  6.505610E-04 -2.914236E-01  3.783017E-08  1.569854E+00 -6.158416E-09 -4.321778E-09 -8.201042E-04
 7.385193E+01  7.798765E+02 -3.017671E-09 -3.200352E+02  7.369386E+05  1.156490E+02  1.651695E-03 -3.235634E-05 -3.800824E-01 -3.862035E-08  1.571228E+00  5.581756E-09  5.593531E-09  9.689383E-04
 9.231492E+01  7.613781E+02  3.645648E-09 -3.200422E+02  7.369513E+05 -1.155692E+02 -1.652199E-03 -2.016972E-04 -4.323313E-01  2.957020E-08  1.571125E+00 -4.861334E-09 -6.724777E-09 -9.800820E-04
 1.107728E+02  7.428848E+02 -4.203773E-09 -3.200368E+02  7.369750E+05  1.154944E+02  1.652789E-03  4.815812E-05 -3.732724E-01 -1.040270E-08  1.569886E+00  4.012441E-09  7.686292E-09  8.459115E-04
 1.283666E+02  7.252573E+02  4.627110E-09 -3.200277E+02  7.370087E+05 -1.154256E+02 -1.653483E-03 -4.596869E-04 -2.802703E-01 -2.094384E-08  1.570675E+00 -3.010500E-09 -8.484633E-09 -7.562499E-04
 1.458771E+02  7.077138E+02 -4.938147E-09 -3.199247E+02  7.371307E+05  1.154169E+02  1.654238E-03  3.436425E-04  9.169447E-02  6.416463E-08  1.559172E+00  1.920073E-09  9.047790E-09 -5.575562E-04
 1.643147E+02  6.892453E+02  4.974018E-09 -3.195508E+02  7.374563E+05 -1.153856E+02 -1.654988E-03 -1.565392E-03  9.390310E-02 -1.114342E-07  1.541935E+00 -8.469207E-10 -9.347937E-09 -1.312172E-03
 1.827748E+02  6.707628E+02 -4.780902E-09 -3.188716E+02  7.379801E+05  1.153476E+02  1.655749E-03 -1.899715E-03 -8.853413E-02  1.622631E-07  1.526196E+00 -2.079218E-10  9.417167E-09 -3.930646E-04
 2.012338E+02  6.522960E+02  4.331634E-09 -3.178753E+02  7.387162E+05 -1.152966E+02 -1.656504E-03 -1.713470E-03  4.058053E-02 -2.131021E-07  1.507598E+00  1.193356E-09 -9.265341E-09 -1.621950E-03
 2.196917E+02  6.338509E+02 -3.577463E-09 -3.165496E+02  7.396821E+05  1.152388E+02  1.657236E-03 -2.237156E-03 -6.633269E-03  2.580389E-07  1.490501E+00 -2.048695E-09  8.914049E-09 -2.306571E-04
 2.381485E+02  6.154321E+02  2.511248E-09 -3.149090E+02  7.408589E+05 -1.151808E+02 -1.657930E-03 -2.277040E-03 -1.237953E-02 -2.910451E-07  1.473415E+00  2.707199E-09 -8.398695E-09 -1.620734E-03
 2.566042E+02  5.970458E+02 -1.145007E-09 -3.129476E+02  7.422546E+05  1.151258E+02  1.658574E-03 -2.487964E-03  1.719930E-02  3.059666E-07  1.455623E+00 -3.102644E-09  7.769098E-09 -3.073238E-04
 2.750589E+02  5.786968E+02 -4.956229E-10 -3.106701E+02  7.438620E+05 -1.150757E+02 -1.659161E-03 -2.587061E-03 -2.002665E-02 -2.966203E-07  1.438989E+00  3.172870E-09 -7.089000E-09 -1.495407E-03
 2.935127E+02  5.603907E+02  2.355907E-09 -3.080777E+02  7.456796E+05  1.150303E+02  1.659691E-03 -2.652017E-03  1.956542E-02  2.575592E-07  1.421251E+00 -2.864408E-09  6.434685E-09 -4.270140E-04
 3.119654E+02  5.421323E+02 -4.343375E-09 -3.051731E+02  7.477048E+05 -1.149905E+02 -1.660170E-03 -2.651631E-03 -2.121903E-02 -1.847264E-07  1.404814E+00  2.139702E-09 -5.892315E-09 -1.354513E-03
 3.304173E+02  5.239268E+02  6.319974E-09 -3.019586E+02  7.499356E+05  1.149555E+02  1.660610E-03 -2.596294E-03  1.997073E-02  7.633105E-08  1.387251E+00 -9.861381E-10  5.553505E-09 -5.492011E-04
 3.488682E+02  5.057790E+02 -8.110829E-09 -2.984369E+02  7.523710E+05 -1.149262E+02 -1.661031E-03 -2.507274E-03 -1.875118E-02  6.645803E-08  1.370996E+00 -5.750460E-10 -5.508944E-09 -1.212736E-03
 3.673183E+02  4.876934E+02  9.515803E-09 -2.946119E+02  7.550103E+05  1.149011E+02  1.661462E-03 -2.323009E-03  1.353676E-02 -2.387484E-07  1.353743E+00  2.482031E-09  5.840333E-09 -6.574738E-04
 3.857676E+02  4.696750E+02 -1.030974E-08 -2.904851E+02  7.578573E+05 -1.148805E+02 -1.661935E-03 -2.213176E-03 -7.810570E-03  4.311931E-07  1.337554E+00 -4.626976E-09 -6.610987E-09 -1.097488E-03
 4.042161E+02  4.517276E+02  1.026882E-08 -2.860622E+02  7.609105E+05  1.148623E+02  1.662488E-03 -1.990396E-03 -4.509303E-04 -6.297473E-07  1.320800E+00  6.853448E-09  7.855578E-09 -7.188301E-04
 4.226639E+02  4.338560E+02 -9.177162E-09 -2.813444E+02  7.641722E+05 -1.148463E+02 -1.663159E-03 -1.906672E-03  7.479235E-03  8.153815E-07  1.304597E+00 -8.957425E-09 -9.569699E-09 -1.037775E-03
 4.411110E+02  4.160638E+02  6.869250E-09 -2.763378E+02  7.676360E+05  1.148301E+02  1.663985E-03 -1.719204E-03 -1.442896E-02 -9.651826E-07  1.288400E+00  1.069360E-08  1.170023E-08 -7.183254E-04
 4.595575E+02  3.983551E+02 -3.282943E-09 -2.710445E+02  7.713003E+05 -1.148141E+02 -1.664996E-03 -1.620828E-03  1.834465E-02  1.053714E-06  1.272274E+00 -1.179201E-08 -1.413816E-08 -1.030008E-03
 4.780033E+02  3.807335E+02 -1.508748E-09 -2.654696E+02  7.751589E+05  1.147962E+02  1.666209E-03 -1.465228E-03 -2.055585E-02 -1.055359E-06  1.256513E+00  1.198387E-08  1.671606E-08 -6.788875E-04
 4.964487E+02  3.632025E+02  7.253942E-09 -2.596173E+02  7.792085E+05 -1.147780E+02 -1.667628E-03 -1.305697E-03  1.941581E-02  9.475710E-07  1.240690E+00 -1.103554E-08 -1.921202E-08 -1.036788E-03
 5.148935E+02  3.457656E+02 -1.347045E-08 -2.534910E+02  7.834474E+05  1.147582E+02  1.669235E-03 -1.165777E-03 -1.666253E-02 -7.150828E-07  1.225167E+00  8.792818E-09  2.136204E-08 -6.464618E-04
 5.333379E+02  3.284254E+02  1.943604E-08 -2.470969E+02  7.878713E+05 -1.147393E+02 -1.670989E-03 -9.612140E-04  1.169415E-02  3.550802E-07  1.209874E+00 -5.231832E-09 -2.288279E-08 -1.011778E-03
 5.517819E+02  3.111857E+02 -2.420140E-08 -2.404372E+02  7.924817E+05  1.147208E+02  1.672829E-03 -8.391260E-04 -6.341937E-03  1.181825E-07  1.194440E+00  5.096158E-10  2.350538E-08 -6.618528E-04
 5.702255E+02  2.940481E+02  2.665577E-08 -2.335191E+02  7.972731E+05 -1.147057E+02 -1.674672E-03 -6.429768E-04  4.747415E-04 -6.685452E-07  1.179802E+00  4.993855E-09 -2.301911E-08 -9.254417E-04
 5.886688E+02  2.770164E+02 -2.562153E-08 -2.263447E+02  8.022470E+05  1.146937E+02  1.676423E-03 -5.439990E-04  4.388141E-03  1.235081E-06  1.164433E+00 -1.065096E-08  2.132258E-08 -7.412460E-04
 6.071118E+02  2.600917E+02  2.009222E-08 -2.189210E+02  8.073973E+05 -1.146877E+02 -1.677985E-03 -3.995491E-04 -8.408832E-03 -1.733399E-06  1.150438E+00  1.559772E-08 -1.847611E-08 -7.763258E-04
 6.255545E+02  2.432774E+02 -9.473305E-09 -2.112510E+02  8.127233E+05  1.146869E+02  1.679276E-03 -3.220120E-04  1.061354E-02  2.060867E-06  1.135226E+00 -1.879693E-08  1.474623E-08 -8.733000E-04
 6.439971E+02  2.265746E+02 -6.050389E-09 -2.033406E+02  8.182197E+05 -1.146937E+02 -1.680243E-03 -2.435507E-04 -1.143246E-02 -2.109386E-06  1.121763E+00  1.916707E-08 -1.062923E-08 -5.867068E-04
 6.624395E+02  2.099856E+02  2.514418E-08 -1.951942E+02  8.238834E+05  1.147068E+02  1.680884E-03 -1.826029E-04  1.042815E-02  1.786224E-06  1.106866E+00 -1.579111E-08  6.838168E-09 -1.028835E-03
 6.808818E+02  1.935120E+02 -4.502322E-08 -1.868164E+02  8.297109E+05 -1.147277E+02 -1.681261E-03 -1.595794E-04 -8.297147E-03 -1.041428E-06  1.093785E+00  8.197857E-09 -4.236649E-09 -3.897465E-04
 6.993239E+02  1.771550E+02  6.134335E-08 -1.782128E+02  8.356972E+05  1.147545E+02  1.681508E-03 -1.113021E-04  4.980755E-03 -9.884234E-08  1.079359E+00  3.312376E-09  3.706833E-09 -1.174736E-03
 7.177661E+02  1.609165E+02 -6.845966E-08 -1.693869E+02  8.418403E+05 -1.147883E+02 -1.681823E-03 -1.201285E-04 -1.295919E-03  1.499997E-06  1.066532E+00 -1.735835E-08 -5.948519E-09 -2.162920E-04
 7.362082E+02  1.447970E+02  6.035110E-08 -1.603452E+02  8.481344E+05  1.148264E+02  1.682443E-03 -8.456930E-05 -2.652938E-03 -2.899440E-06  1.052688E+00  3.129651E-08  1.122502E-08 -1.285118E-03
 7.546503E+02  1.287983E+02 -3.227578E-08 -1.510905E+02  8.545779E+05 -1.148697E+02 -1.683600E-03 -1.034996E-04  6.107108E-03  3.913275E-06  1.040039E+00 -4.131885E-08 -1.909998E-08 -8.653628E-05
 7.730924E+02  1.129204E+02 -1.656291E-08 -1.416296E+02  8.611650E+05  1.149154E+02  1.685452E-03 -8.474007E-05 -8.991462E-03 -4.092161E-06  1.026825E+00  4.301835E-08  2.824612E-08 -1.346570E-03
 7.915346E+02  9.716499E+01  7.970349E-08 -1.319652E+02  8.678949E+05 -1.149642E+02 -1.688012E-03 -9.695070E-05  1.076267E-02  3.042707E-06  1.014337E+00 -3.260132E-08 -3.644685E-08 -7.679840E-06
 8.099768E+02  8.153169E+01 -1.402619E-07 -1.221038E+02  8.747623E+05  1.150133E+02  1.691089E-03 -9.095651E-05 -1.151106E-02 -6.235088E-07  1.001743E+00  8.800435E-09  4.093673E-08 -1.358112E-03
 8.284192E+02  6.602196E+01  1.698165E-07 -1.120483E+02  8.817662E+05 -1.150636E+02 -1.694276E-03 -8.269197E-05  1.098758E-02 -2.807205E-06  9.894441E-01  2.474949E-08 -3.920712E-08  2.435681E-05
 8.468617E+02  5.063528E+01 -1.327386E-07 -1.018047E+02  8.889009E+05  1.151126E+02  1.697026E-03 -8.646241E-05 -9.457008E-03  6.174083E-06  9.774185E-01 -5.748397E-08  3.028929E-08 -1.328479E-03
 8.653043E+02  3.537262E+01  9.347778E-10 -9.137632E+01  8.961636E+05 -1.151613E+02 -1.698835E-03 -7.174906E-05  6.873361E-03 -7.675031E-06  9.653672E-01  7.194529E-08 -1.625341E-08  2.159019E-05
 8.837471E+02  2.023354E+01  2.152134E-07 -8.076837E+01  9.035496E+05  1.152076E+02  1.699532E-03 -1.009675E-04 -3.587786E-03  5.283743E-06  9.538349E-01 -4.876130E-08  3.163569E-09 -1.272199E-03
 9.022000E+02  5.210393E+00 -4.167539E-07 -6.997889E+01  9.110614E+05 -1.152529E+02 -1.699562E-03 -9.519041E-05  1.301398E-04  1.820200E-06  9.420970E-01 -1.957278E-08 -2.681335E-32 -8.682802E-29
